1.560706463504714092e+00	-1.259468284645521408e+00	-1.647356020059806692e-01
3.807785794998673090e+00	1.676037895134325773e-01	2.973735559789358884e-01
2.954776373064480044e+00	1.491783343505633130e+00	6.875566519407407817e-01
2.434768088368443273e+00	9.288995456382448390e-01	6.596712189679769800e-01
7.084726977255023650e-01	1.226244591445799115e+00	9.962774501837752261e-01
7.083786293111903332e-01	6.351334668428694208e-01	9.804199347506523665e-01
3.265260874559778870e-01	7.691062580714098651e-01	9.999606414956128120e-01
3.478086968522247080e+00	1.396782606261277149e+00	5.974095924349560605e-01
2.444348545798514571e+00	-1.001327964563256234e+00	-5.432794905162242373e-04
2.861483053404576982e+00	-4.230014542743809614e-02	3.227255317791312139e-01
1.802795277536295426e-01	-1.115162232721590874e+00	-5.640806862302729652e-01
3.882648423431777740e+00	1.950672031986588228e+00	6.410556050889619772e-01
3.346526299121644676e+00	1.776237358746453276e+00	6.802546072061497195e-01
9.281225316452768048e-01	-1.842292754525976406e+00	-7.199413567855775797e-01
8.091173721076924119e-01	8.223006900627538585e-01	9.781218821574479971e-01
8.152775884283918195e-01	1.700993269662663288e+00	9.973524617028374228e-01
1.286544747542197165e+00	-1.277698619490666099e+00	-2.125575471609887912e-01
2.146550083365728057e+00	2.717809222105178613e-01	5.316745423946035443e-01
1.784585572704251444e+00	1.661953190352167375e+00	9.036254428872827482e-01
1.235793646772363585e+00	-1.864216085656804855e+00	-6.039364253644156078e-01
2.486226289417279744e+00	7.896810689873596800e-01	6.168091729179874250e-01
6.440260565429630768e-01	-8.106039705097969339e-01	2.858869133152772135e-01
1.239364129287350735e+00	1.697584781506121576e+00	9.745950730366363945e-01
1.528811188845397684e+00	1.884232980661470824e+00	9.550741895208282317e-01
1.878672938446440011e+00	1.777065956453735662e+00	9.011313627259339709e-01
3.162186249432752838e+00	-1.031431333701449266e-01	2.762514516152044242e-01
8.787277504176029819e-01	1.448170603957253499e+00	9.924236826851201565e-01
2.105514309813085294e+00	1.378197594140281534e+00	8.108511891938878779e-01
2.410416818561965879e+00	-7.235981070269774662e-01	1.141697758078454028e-01
2.811566096079912147e-01	1.315661896602709380e+00	9.999998596675615525e-01
2.469424922415609736e+00	-1.851969461138029294e+00	-3.319402901156698338e-01
7.650440823804369739e-01	3.850795139282121582e-01	9.478782807817296430e-01
3.537012126425900793e-01	-1.079964650849187802e+00	-2.223050201680080440e-01
3.800653595288000286e+00	-1.517732456890884762e+00	-1.353855637099790621e-01
3.865964928990781591e+00	-1.692187193483163377e+00	-1.771573755446629872e-01
3.252749657654198323e+00	7.851551035125591271e-01	4.996309284760679925e-01
1.287993699776145640e+00	-6.405001449277354375e-01	2.720868689643091143e-01
4.809212446248969930e-01	8.990670861150458215e-01	9.992570236284188390e-01
2.768508803397412343e+00	-1.738574636804230300e+00	-2.606233429226588183e-01
1.816594725584444792e+00	-7.388386486775586626e-01	1.427819083363238983e-01
5.759491158946373757e-01	1.579651695013488677e-01	9.647642938475351482e-01
2.031189949433953590e+00	1.162892659355854175e+00	7.875093177607972450e-01
2.341152323493516929e-01	-7.249899882717203425e-01	8.257660491938993985e-01
3.646349568107249528e+00	5.035655057480363794e-01	3.904646494254938593e-01
1.109241928240065844e+00	1.543910992944748317e+00	9.798337137438990485e-01
2.683836908980529845e+00	4.634527527292183202e-01	4.969771686547924117e-01
1.315673196748702756e+00	-1.068162100985464935e+00	-5.176147326015772404e-02
2.128265282593462260e+00	-1.902396873773848140e+00	-4.002997475740183164e-01
2.232170089438790583e+00	1.480395495603719525e+00	8.044874417189022964e-01
8.209323765495554204e-01	-1.914922356598451669e+00	-8.056444254179470077e-01
3.881380048281778183e+00	1.498806690736797620e+00	5.674768707181477856e-01
3.123018011108346759e+00	1.157485361088479436e-01	3.428036916890502828e-01
3.764045872100337586e+00	1.756270794051584705e+00	6.244477595940660652e-01
3.589826666667830235e+00	1.195132943094661560e+00	5.451731076313864888e-01
2.431809917363231932e+00	1.991736442133349660e+00	8.426520985904648597e-01
3.695309516590155940e+00	-5.971527381931593936e-01	1.085860161442125660e-01
4.451207580024861277e-01	1.068753155724507575e+00	9.998162968192840783e-01
8.643331634346662629e-01	-3.922763455630313700e-01	6.063398369326334914e-01
2.763864267510984796e-01	-8.049751878436461894e-02	9.974249510693553589e-01
1.368788289976730965e+00	5.100218528734803414e-01	8.016388965952434553e-01
1.615841429788979822e+00	1.494708456745355019e+00	9.127745077508990779e-01
1.158261223918194194e+00	1.936333876797180498e+00	9.875166396420473891e-01
3.332076285692525008e+00	1.073093655458072782e+00	5.526320465283245387e-01
1.491337974104998354e+00	-3.289328713306649554e-01	4.218797358537137443e-01
1.195644587780784862e+00	-3.145719908917192775e-01	5.177572448882952205e-01
2.216514724317169005e+00	9.503292063555659475e-01	7.063732660476101932e-01
6.496044774015742318e-01	-1.044891416926790884e+00	-6.899597135102290835e-02
3.228568224940754572e+00	-1.558103547474421369e+00	-1.711625954655745518e-01
3.907475103511062198e-01	-5.815113694368938546e-01	7.898357945128156032e-01
3.948859052742017539e+00	-8.510440333836730709e-01	3.770338604116483389e-02
3.111754600256964043e+00	-8.147675181760396512e-01	5.945648974984391044e-02
8.749911579832723163e-01	-1.065568995800360241e+00	-7.479679727582468074e-02
1.215362567820493511e-01	-1.831627241454552468e+00	-9.999977217602523671e-01
3.280299570973853385e+00	-1.928504261066344760e+00	-2.757299255351985945e-01
2.856743641005706991e+00	1.950889558944126412e+00	7.750910518629834378e-01
2.943127955359850390e+00	-2.889074650565506275e-01	2.370169711062211082e-01
3.107954352075188442e+00	-4.626934113612732880e-01	1.711791019914540579e-01
3.887741417629524965e-01	7.185891307722793719e-01	9.997107052649422121e-01
1.498016341322663258e+00	-1.126984448539743111e+00	-8.456594239440662353e-02
5.518893321480058400e-01	1.799844735800901097e+00	9.999215689939742191e-01
3.466103360914814857e+00	1.145380057662208184e+00	5.504036503863853902e-01
2.530862694627475928e+00	-1.642355990750961947e+00	-2.484959213380059095e-01
1.390502296925331782e+00	-3.296768968602865613e-01	4.479019764889270450e-01
3.478775661154920873e-01	1.516473230248658766e+00	9.999989580672700162e-01
1.312831054691082633e+00	1.778928089165641158e+00	9.714111827664337895e-01
1.368214955904313523e+00	-1.303939550005210890e-01	5.618805033582831010e-01
2.945464095518450343e+00	4.536455568428308105e-01	4.570057725312821062e-01
2.586474138285331126e+00	-1.331864215631698878e+00	-1.276080754539716533e-01
3.560129696047673598e+00	1.964674504547906375e+00	6.819463323722219084e-01
1.941638208131602372e+00	-1.073313194466226417e+00	-3.774048799708004664e-02
5.664175591593766379e-01	1.770927096540502621e+00	9.998873193600006370e-01
2.881654670169680355e+00	5.985865959694738336e-01	5.040688351113676857e-01
3.067061689605900199e+00	4.309471795154364848e-01	4.354100926477083022e-01
2.288981070521035388e+00	5.075404406603433588e-02	4.293086509676714013e-01
3.106772001822788010e+00	-1.077320753128965247e+00	-2.488267333407950810e-02
2.025802825821124031e+00	-1.293887871977966952e+00	-1.440630644738730703e-01
2.138658034589776769e+00	-1.118055163719298584e+00	-5.514458085098651596e-02
1.767409971598343565e+00	-1.254246951422981926e+00	-1.428687099108919278e-01
1.991345943019711962e-01	1.118337894267013244e+00	9.999999988486045766e-01
5.207765652738873818e-01	-5.994989633330796153e-01	6.463742646521813962e-01
2.225738241782636018e-01	-1.768629293746414310e+00	-9.979999619716608539e-01
2.582000603928744198e+00	1.876410520563245310e+00	8.054801982561708984e-01
1.325988326197673928e+00	1.535143539853702777e+00	9.572438523870667737e-01
2.083425695542340694e+00	1.711009132780852093e+00	8.620386177935795979e-01
3.639509248311762590e+00	1.979631290585740722e+00	6.743564558149420796e-01
1.072239693680612227e+00	-1.304419003122050835e+00	-2.765195095301020145e-01
1.700493399838955977e+00	-4.150319243893650367e-01	3.310428723931844175e-01
3.046649440317889646e+00	1.032953902816365233e+00	5.831847187869607652e-01
9.923128454173275603e-01	7.840824722151689130e-01	9.465884433840403567e-01
4.002216483322926788e-01	-1.384416374640579761e+00	-7.445036875201200832e-01
1.230030666363695291e+00	1.263332499962470878e+00	9.508010794635584073e-01
7.287630202906172361e-01	-1.102237712653357127e+00	-1.393762183956219480e-01
3.725820844136035426e+00	-1.104729540709507685e+00	-2.810171791580527018e-02
3.251669480301225601e+00	1.478976915736542885e-01	3.390492947212013219e-01
2.570274650390651505e+00	3.717597393668126138e-01	4.882055389933765976e-01
3.498696301732098668e+00	3.203448313512446965e-01	3.604316833997088798e-01
3.234321099906546593e+00	-1.634052650408980289e+00	-1.935655444035752071e-01
8.276232296555396939e-01	1.509843450521521691e+00	9.953660986096601881e-01
3.580980094110913114e+00	-9.375998296451756309e-01	1.742368112235610778e-02
2.203434743471037738e+00	-1.481940314868783304e+00	-2.152999237774305963e-01
3.249016605139844138e+00	1.554992319475908769e+00	6.563587925089360287e-01
3.594756069701623424e+00	1.822605992919013262e+00	6.556818072394023922e-01
1.340213552390269180e+00	1.448510469061802475e+00	9.495273643055763824e-01
5.292025056579393594e-01	1.238064298899512305e+00	9.995758052032531760e-01
9.889471339135723627e-01	6.209679225560869043e-01	9.273444771062463454e-01
1.765720375642399587e+00	2.034294824365572574e-01	5.925271485086459622e-01
3.290257587097723757e+00	-1.652052960354359445e+00	-1.956225881634998942e-01
3.456849274699739460e+00	-3.661871477172051748e-01	1.813225548329283898e-01
1.271133090716437541e-01	-5.092459319507440796e-01	9.991140209968557562e-01
2.091914480052506242e+00	-9.609848649586951730e-01	1.864828241291944383e-02
1.727902912280238068e+00	8.936804547543397703e-01	7.990364481774389072e-01
9.662204608358480051e-01	-1.649705968491676708e-02	7.690043689617520606e-01
5.674749326013629469e-01	-1.675815136369408487e+00	-8.308628266332553913e-01
1.416699168474149007e+00	-1.119267192200754879e+00	-8.398834893042855798e-02
3.777347845258825387e+00	7.330350546383836985e-01	4.291030523416083930e-01
1.360491434880945372e+00	-1.695476562038799262e+00	-4.708758437499452887e-01
2.123283424799128127e+00	1.404827656195074770e+00	8.119067261258848811e-01
2.841773939691193629e+00	-1.941389194410270136e-02	3.319883664551041558e-01
1.518155449279246616e+00	-7.765369069340800900e-02	5.423959822268779041e-01
3.889950122611746330e+00	3.696311386380704000e-01	3.382319936451026465e-01
3.853544450274233757e+00	1.298723863700596892e+00	5.345700450516077673e-01
1.081950953718920250e+00	-6.087631683912277936e-01	3.466253164329330394e-01
2.039269172980303413e+00	7.120646102362542251e-01	6.855696451774060396e-01
1.273425408285401517e+00	2.629278559831642603e-01	7.581102807018387235e-01
1.210877928072123799e+00	-9.318869193223148217e-01	5.619173441855947887e-02
2.438590946826779127e-01	1.514519945420631730e+00	9.999999977884699298e-01
2.477300902521597070e+00	1.189704086427712415e+00	7.083713159110776036e-01
2.060448190592560014e+00	6.338073386337019777e-01	6.600700975828042161e-01
3.007671298749585165e-01	1.402326916376967603e+00	9.999997691544358913e-01
1.186721210522784897e+00	1.469176803839209677e+00	9.693051956898028898e-01
3.642236955269948950e+00	8.334519068601391467e-01	4.647760743178899756e-01
1.034291373601192499e+00	1.348053313454688151e+00	9.788871850916059936e-01
6.650900011557699942e-01	7.898858466771345732e-01	9.908483949397876023e-01
2.008865765082496146e+00	7.205630870412016442e-01	6.944421410377042969e-01
3.944036771031343314e+00	4.744455128607372174e-01	3.573474509459205195e-01
1.044015558894851647e+00	1.010866558230564927e+00	9.584160648236581537e-01
2.721328634882926423e+00	-1.365579578827705198e+00	-1.335362974822070503e-01
3.070316499781998498e+00	1.523483036795713508e+00	6.761008972806563655e-01
1.026786421570358820e+00	1.487374110980928199e+00	9.843871148702951768e-01
2.940043759586252303e+00	-1.883010867861763638e+00	-2.916231447162326296e-01
1.534354217605087500e+00	1.303267002259050900e+00	9.053524615080812410e-01
2.565992739314959969e+00	-1.484520530106219205e+00	-1.866112265985202801e-01
2.570765871967489069e+00	-6.595245829634324153e-01	1.316722639253466165e-01
2.189521267891558320e+00	9.740330251664311989e-01	7.170673145440578100e-01
4.521301032121923802e-01	-1.356960415806767184e+00	-6.581303320310053495e-01
3.357679732798028560e+00	1.271868096476248766e+00	5.893166436400448793e-01
1.351042253389770131e+00	1.328536711830967665e+00	9.382844588522087914e-01
8.274221905594314475e-01	2.987093504334481162e-02	8.467834027027727473e-01
2.590230520635792844e-01	-1.974456513132665680e+00	-9.989207442946228532e-01
2.404482478434143200e+00	-8.518474673003488817e-01	6.153728917805650206e-02
2.742501011184901305e+00	4.677076735029688237e-01	4.893240830378117190e-01
1.646925328186389925e-01	1.924744712109694111e+00	9.999999999999992228e-01
2.097162927367195895e+00	5.272541080666734992e-01	6.219921487587283249e-01
9.833335232719578878e-01	-9.607856757433608230e-01	3.985783929223873923e-02
2.616173882596854572e+00	5.360228123984454029e-01	5.278252024662960507e-01
7.800290731194665650e-01	1.599415188634218943e-01	9.027803113738172014e-01
2.794657178599617264e+00	1.119381580604574378e+00	6.401153088403989111e-01
1.608267850572095758e+00	-1.572077444692166370e+00	-3.414299717082145968e-01
3.753246956073263974e+00	1.044111610008112034e+00	4.964808277390854729e-01
6.363316821693736358e-01	1.650663147044411083e-01	9.499150666035743873e-01
1.430158769096008475e+00	1.851968015435978332e+00	9.636127780589089920e-01
5.425467328382973520e-01	-6.325113358452556511e-01	5.897874678174732654e-01
3.706305111286394283e+00	5.304875725357924843e-01	3.909675044814089895e-01
3.521623478185825995e+00	1.728112422040070095e+00	6.496394591485532555e-01
1.105972348089106827e+00	-1.589961088037283199e+00	-4.880001880441369178e-01
2.673937779533298364e+00	1.748913948945804320e+00	7.731209001833109218e-01
3.287166580784741665e+00	7.515428892032534058e-01	4.875511054045669201e-01
2.265283165237903518e+00	-1.728651763579312384e+00	-3.110074414094389228e-01
2.165637255588425347e+00	-7.961457322127349912e-01	9.385426680002216526e-02
1.043223934511761541e+00	8.326883545811263332e-01	9.421394149772084337e-01
4.631007944430068912e-01	-1.730597594124913208e+00	-9.182295689548938267e-01
3.599141456017974416e+00	3.286818407050930979e-01	3.532622942551176815e-01
3.611630422936988438e+00	-6.164677721881730577e-01	1.057962602579686218e-01
2.569095683365745231e+00	4.836620710699084946e-01	5.208486458511404349e-01
1.422216185089932639e+00	-1.817031864749948822e+00	-5.186403258085495738e-01
1.461917340989377534e+00	1.486147224609504880e+00	9.354849393680636505e-01
2.931227147593933768e+00	1.893955876709588093e+00	7.562021545921671084e-01
3.598730013815050199e+00	1.875511421142765922e+00	6.634969649822092252e-01
3.559637054633957298e+00	9.986073269716988499e-01	5.090627003834815589e-01
3.141514628844732648e+00	-1.479655039477471901e+00	-1.515072455493156611e-01
2.603923420001722278e+00	1.033052783716090328e+00	6.531456901553673866e-01
4.281458634806903918e-01	-1.901652334164794178e+00	-9.707961762801488037e-01
7.303519849689936727e-01	-1.911505793884010984e+00	-8.477320730789300596e-01
3.604361335255608978e+00	-7.055591234018350200e-01	8.150893609294566911e-02
2.465073332672400586e+00	-4.542723838133700537e-02	3.689776364332745251e-01
1.358685013048556156e-01	1.081629671231172818e+00	9.999999999999016342e-01
4.957390171775252208e-01	7.331815064260207571e-01	9.981638524090136189e-01
2.687656899521418286e+00	-2.163891744930066530e-01	2.835691757033555471e-01
1.197401770002528704e-01	-9.054933348733363863e-01	6.579921477372384642e-01
7.271514005282446735e-01	1.988498000630844809e+00	9.994615752558801969e-01
2.240061778529685910e+00	-2.952747910561082101e-01	3.046168032208711463e-01
2.798391271001503533e+00	-1.944519026812980833e-01	2.801650190207318203e-01
2.642648912060141964e+00	-1.345504715233323267e+00	-1.300019317859803791e-01
9.746503068961831495e-01	1.179238194999717493e+00	9.774055371884572407e-01
2.877498963255389786e+00	7.747289031259545489e-01	5.488687671460152906e-01
1.025271441237520342e+00	-1.116921548844958423e+00	-1.135477990483449023e-01
1.369058822821144217e+00	-1.670475817536629215e+00	-4.540059612908988185e-01
3.011316479960293613e+00	7.219972082988523887e-01	5.167107598300879623e-01
2.633568306284136629e+00	6.180448571245409362e-01	5.472117644585759999e-01
3.411971300927294060e+00	-9.069618920071628176e-01	2.726138267490852904e-02
2.664690279971339226e+00	1.803454249001641196e+00	7.826117983172795611e-01
2.316403553008339777e+00	-1.395768432876399068e+00	-1.692113930386308085e-01
4.653315945295605771e-01	-2.706607958295923488e-01	9.166038106718987777e-01
1.534091631931790767e+00	1.774463680670395505e+00	9.476831272726665700e-01
1.134289233958729382e+00	-3.210907322955107723e-01	5.360046902196462515e-01
1.051559609178426058e+00	5.541037906563421878e-01	9.010744832148451788e-01
3.894741163534537698e+00	-4.096224081488228919e-01	1.504328391280091159e-01
1.633081126200365496e+00	-9.031391906053199969e-01	5.924224214320491372e-02
3.578981565190741509e+00	1.935910591839313133e+00	6.752440730444840833e-01
2.561440641389325368e+00	-3.626639747398279212e-01	2.438085243187810558e-01
3.199764083812428606e+00	1.576396814716537698e+00	6.669245921073334582e-01
2.060284663110249159e+00	-1.080181576435655266e+00	-3.889808125843900732e-02
2.349925150042800670e+00	-1.147581183899666790e+00	-6.272006657508152894e-02
2.020819005893569109e+00	-1.875463668461954336e+00	-4.080106320963493016e-01
8.614476524123735324e-01	6.066673015035402017e-01	9.531458283630941386e-01
2.917563249519870894e+00	-5.258946251049554377e-01	1.610850592972490058e-01
1.195012213519337507e+00	1.457432999358548198e+00	9.678035338050473557e-01
1.948322690826700121e-01	-1.071603732337713666e-01	9.997907896748799983e-01
2.617341954037954554e+00	1.872773711658886953e+00	7.996324129159435579e-01
7.907316496874908784e-01	-1.257897937187515414e+00	-3.150580724514888131e-01
3.767788478976365596e+00	1.474492671822443146e+00	5.761960587321489635e-01
3.820321450310091294e+00	1.106387411166966928e+00	5.015417434224737070e-01
3.667971121859748163e+00	1.083687378576208005e+00	5.139450861821438510e-01
1.543618930996233152e+00	1.379132912467550875e+00	9.123334592235915474e-01
1.602808044625829431e-01	1.044095963771995539e+00	9.999999999832611675e-01
3.720442394092128957e+00	5.048812865256615545e-01	3.837841069597999200e-01
1.769918178437525969e+00	-1.475020489270449708e+00	-2.621219616836954480e-01
3.869953794270311942e+00	-1.869895282034992334e+00	-2.210709669898320018e-01
3.858117910648086291e+00	1.683391391262747394e+00	6.015153214950432758e-01
3.426736876322703296e+00	4.666012580829522194e-01	4.036382354647137793e-01
1.248350679071384306e+00	1.186149163904705262e+00	9.415153657813516430e-01
1.601881141547508491e+00	-7.391059394979970776e-02	5.213021559877450972e-01
3.419433018915741584e+00	-1.530767244150421869e+00	-1.539861269932213395e-01
1.335995820109482812e+00	-1.499256831189798245e+00	-3.572206781424406286e-01
7.610217120757606368e-01	7.422611489158854603e-01	9.796731083389164096e-01
2.271524923587565858e+00	-2.787764204021492276e-01	3.072504092329379488e-01
3.751003619227046393e+00	-1.197901093198653122e+00	-5.271060600024788517e-02
2.814516207032394579e+00	-3.362181303425249013e-02	3.304692933628712859e-01
2.323238563348523744e+00	-1.743164251699463652e+00	-3.094010203830659389e-01
4.789883257059973087e-01	3.278856076575951128e-01	9.922129767059368888e-01
2.498528184126761698e+00	-9.240263822596092025e-01	3.039798055392411297e-02
3.961210015406626983e+00	1.190236402548752626e+00	5.027062762893499404e-01
6.463276594224436344e-01	-7.585521643057049346e-01	3.571093370475312834e-01
2.121485644218572997e+00	-1.791194036727952188e-01	3.687163598008164067e-01
3.521754980519026468e+00	-1.953517840367597236e+00	-2.643232815013766834e-01
2.988997609241396791e+00	-1.710212448821764486e+00	-2.332359922820173015e-01
2.818361389881544721e+00	-4.300257743732607274e-01	1.995232920032969925e-01
2.839687927549726432e+00	-8.024466113150598157e-02	3.130228334090788267e-01
1.502015489757045241e+00	4.000821924772148819e-01	7.315880553318947488e-01
1.245008192631524180e+00	-8.333496851627870683e-01	1.330610517178264229e-01
3.256508506366202926e+00	7.799275445061701895e-01	4.979491709256796961e-01
3.259442239248805162e+00	1.440489588756818318e+00	6.343993670286848241e-01
3.481582042462403770e+00	1.119403955573399223e+00	5.432447483226292562e-01
3.661638154970238368e+00	-1.841524698606571642e+00	-2.258593601315803112e-01
2.094235355557657385e+00	-7.797221096868423018e-02	4.138677405327160219e-01
2.055913549280078190e+00	-1.580279286327300303e+00	-2.749851855355385788e-01
3.213351197970423012e+00	-1.031819936549889904e+00	-9.902091170815502386e-03
2.634859330033284319e+00	1.946650373068585571e+00	8.069883297582385318e-01
2.837670821305043223e+00	-1.430017828393946866e+00	-1.503895833265055382e-01
3.203591410800793682e+00	-4.447386194575742024e-03	3.011296303561447063e-01
3.571020833088508706e+00	4.726229372724763955e-01	3.904929150578969055e-01
1.418181111720989707e+00	8.098598821764158018e-01	8.554648454251012613e-01
1.564773515295781792e+00	2.385947339476564011e-01	6.592855818512375343e-01
4.665295653793889996e-01	-1.960916610323265141e+00	-9.680121869983447924e-01
2.355292549885078746e+00	-6.941547670240324486e-01	1.291294692377563391e-01
2.401748678072941068e-01	7.084657353884571407e-02	9.997319162390532199e-01
1.915832270716594898e+00	-1.648534003420666583e+00	-3.261491582582601856e-01
2.216314075359548941e+00	-5.974922751632769646e-01	1.796406397697825341e-01
1.217510883300309210e+00	-1.867187564834533520e+00	-6.120937400086099434e-01
2.404249716219142297e+00	-1.685686011379917026e+00	-2.777086298094909589e-01
2.189509747622928049e-01	-4.123068951936156856e-01	9.907188170420808682e-01
2.456579361219362601e-01	-1.469136983827758591e+00	-9.570615933373047834e-01
3.308142186572667232e+00	2.701633930462326028e-01	3.661334691925113849e-01
1.504743501503925440e+00	7.578598765490630607e-01	8.236982346854810899e-01
5.955359993423506859e-01	1.202346796436331688e+00	9.987735725198632064e-01
2.136748714213736910e+00	-1.199399023020759625e+00	-9.304894596262716644e-02
3.102974857084581650e+00	-1.330069670963720974e+00	-1.059726171305788306e-01
9.417020072376883766e-01	-1.581728638662398989e+00	-5.495537421074899731e-01
2.529272855694101096e+00	5.457209981745467786e-01	5.449238464196303200e-01
4.328551134756952190e-01	8.259029059476046264e-01	9.995665023670892158e-01
3.015587125575700522e-01	-1.873655420697432072e+00	-9.939285469886359747e-01
2.172283063115776791e+00	1.744848984974759265e+00	8.520475162113317902e-01
2.208476974279415472e+00	-1.792114865394110357e+00	-3.440421677041551329e-01
2.585976615843005089e+00	1.651853412042818547e-01	4.223743776701177621e-01
2.931756201518379790e+00	8.362420778036656621e-01	5.555188323006516882e-01
3.905823109903884482e+00	1.483876494984342376e+00	5.621300926506163087e-01
2.113571358374661813e+00	8.563477285297111941e-01	7.055661711356479016e-01
1.359530244470859239e+00	1.206912332279167277e+00	9.251001013491232383e-01
3.201226159597944321e+00	-6.421992298287757528e-01	1.113067982561784380e-01
1.156245779922089545e+00	1.259300454986049145e+00	9.606290893240662099e-01
1.811988540751980903e+00	-1.679540614461299430e+00	-3.583790010109344504e-01
4.059798872348373000e-01	1.579266624242110506e+00	9.999939365537271474e-01
1.988678993202843137e-01	1.903695046149449233e-01	9.999873558850835842e-01
3.854328817243907856e+00	1.269191079849974813e+00	5.289875886139341343e-01
3.360322469997602202e+00	-1.907268619267994403e-01	2.362814420618286892e-01
2.814299403765422092e+00	5.743107807860998726e-01	5.075299308312847257e-01
1.694916483215652692e+00	1.056106437444528368e-01	5.732228596320368963e-01
7.758478482762984907e-01	9.263580870213276031e-01	9.861520072482600208e-01
7.101044664172355692e-01	-1.673480071877641695e+00	-7.390687009202545621e-01
1.075947302841921527e+00	-1.758591664037744806e+00	-6.075605105252744886e-01
2.241983992353870025e+00	-1.011587063959414223e+00	-5.168172848094481318e-03
2.886924098530243121e+00	-1.361821279547246633e+00	-1.246789364890193291e-01
2.674769769199151881e+00	1.487134266368806745e+00	7.305238831954952161e-01
1.191742198089177140e+00	-1.123144050567822738e+00	-1.029649128786697954e-01
3.823974594586457165e+00	1.903461023276524777e+00	6.406516829893151854e-01
2.977797975113497309e+00	-6.524168329155726198e-01	1.161976579569342499e-01
2.261980804794462507e+00	-1.271528337245202867e+00	-1.194667981822534752e-01
2.485710910313973621e+00	1.158794028569916312e+00	7.006018162525727844e-01
1.736440243468380773e+00	6.348311020035044550e-01	7.359034350020171589e-01
1.066150859054513900e+00	-7.217134187444073333e-03	7.311455447291546061e-01
1.488293446739920478e+00	2.214542037505249361e-01	6.754549923133019718e-01
3.055599830811039475e+00	8.768071130890553455e-01	5.470900592137726282e-01
1.561346056560478923e-01	-1.086181034674805090e+00	-5.019924336014137678e-01
5.526832979769733534e-01	1.985335664226967944e+00	9.999593265112574070e-01
2.794103038848356757e-01	1.899172648587132306e+00	9.999999980568081703e-01
2.588423290439835212e-01	6.013027453877475281e-01	9.999915357689578288e-01
3.436296277642928221e+00	-1.201830196283419694e+00	-5.866735870737087299e-02
2.844265651582092325e+00	7.209129697251652757e-01	5.406308058733594324e-01
1.949277933440568322e+00	-1.711206364083296627e+00	-3.494844162626171147e-01
4.815532265389058098e-01	-1.877389991176775963e+00	-9.490374592647383700e-01
2.017301912955645982e+00	-9.692684459551451637e-01	1.523281008780733199e-02
1.946539906044205903e+00	-1.495081730427347821e-01	4.110922900069142183e-01
7.754872926490591345e-01	1.473090021633521873e+00	9.966092599097647886e-01
1.792021432028094718e+00	9.086762790652319621e-01	7.876067691404978754e-01
1.654168464149756490e+00	9.708260847999241605e-01	8.310218688572007517e-01
2.501815382403644428e+00	-2.980266622076985783e-01	2.734469680894790478e-01
2.576865238383810652e+00	-6.162600298121483355e-01	1.478262226698472959e-01
2.766856381109736307e-01	-5.158449480615892035e-01	9.413571015481697613e-01
1.560989197043237908e+00	1.950598254944231558e+00	9.553914923117348135e-01
2.540853671285522086e+00	-1.839563234350070076e+00	-3.189031934965456117e-01
2.062231408462341875e+00	1.468125984489794478e+00	8.326829889245165317e-01
3.440310380634457044e+00	3.147016342895736507e-01	3.645698920138385479e-01
2.668905163313885609e+00	-2.455383232416381567e-01	2.753890527417112155e-01
7.354442656175756987e-01	9.010306416605459168e-01	9.886922889809716120e-01
3.752181148616762774e-01	-5.332423430118859997e-02	9.872122765212512085e-01
2.605435185004631116e+00	1.493692952326642231e+00	7.429858415575484321e-01
2.033941111123250822e-01	1.602807456045034273e+00	9.999999999846603815e-01
2.384524766966507059e+00	-3.131162925061783397e-01	2.803472963391708261e-01
3.766897941557335372e+00	-8.926888110597936965e-01	2.848024291892683676e-02
2.344349293715928262e+00	3.694013143734489191e-01	5.256596556517159069e-01
1.613862712205435423e+00	1.649453382466764095e+00	9.277076822724271699e-01
2.608824051925177301e+00	-1.157351243977333688e+00	-6.024197443933982515e-02
1.887186272916914875e+00	4.918663342539311145e-01	6.587058661669168425e-01
2.227905478332146139e+00	5.262408803700822091e-01	5.947967474022428647e-01
3.771712754228448095e+00	9.324520896611240284e-01	4.717772859214309777e-01
1.605800287423019501e+00	-1.473729259490960786e+00	-2.867406789989939697e-01
3.848643198913265451e+00	8.632998587283542413e-01	4.495567431240036216e-01
3.630867503628647963e+00	1.636130082662563989e+00	6.206324568198933189e-01
8.635854256782560245e-01	-1.281267564519031898e+00	-3.146494558785855045e-01
3.705090734131453178e-01	-1.049826700304489435e+00	-1.336768341595213627e-01
4.930342053719640183e-01	1.885580376166558381e+00	9.999835017681973914e-01
1.710651200410439610e-01	-1.276092189162040924e+00	-9.237430239550887823e-01
4.683275469481206765e-01	1.417540373478316296e+00	9.999343405509641958e-01
2.763726416323792012e+00	-3.088857420786083816e-02	3.369553223026219846e-01
3.776357289948930607e-01	-1.011075702387291830e+00	-2.932065712700369225e-02
1.344004958145669226e+00	1.482999605090045581e+00	9.515064578183619615e-01
3.395013712780872606e+00	-2.187789799893380405e-01	2.261311688526783936e-01
1.907605493697208665e-01	5.926941571876076509e-02	9.999699490749136555e-01
3.276427082096849741e+00	-5.630665224009372416e-01	1.325717366992102131e-01
1.199233621616259793e+00	3.718034057397097136e-01	8.157231933794002465e-01
5.608428277244593696e-01	-1.345904509659909376e+00	-5.488669882544270351e-01
2.817274944920188151e+00	-4.356738533929572221e-01	1.976724757443052705e-01
2.552877102441548196e+00	1.877649289341149830e+00	8.100650142430908529e-01
3.522140852755506479e+00	-9.674662691954898364e-01	9.236656604456251751e-03
2.966777070835154184e+00	6.269466581651688131e-01	4.993115093336897847e-01
3.233575628500909627e+00	-6.992397431012205011e-01	9.274437118589266837e-02
1.199934833028095449e+00	1.093892502746402595e+00	9.408043870901428019e-01
7.920142207409190949e-01	-1.476505357126600693e+00	-5.382136623044389001e-01
3.027397531399347752e+00	1.879284180314178876e+00	7.402696489995186369e-01
3.246655483142329768e+00	-1.848418344654430001e-01	2.459301100562646947e-01
3.962970053802626680e+00	-1.055798146614144173e+00	-1.407895062309411603e-02
1.709208939954563355e+00	-1.706013010679949371e+00	-3.910713508579861108e-01
1.550870534591854311e+00	-1.320968379649836821e+00	-2.040550277067958440e-01
3.128010546893788213e+00	7.909579422407064797e-02	3.319145537665110779e-01
1.429133806986769617e+00	-6.519872942748548006e-01	2.388111979214120884e-01
3.729953569853902362e+00	1.315533463530438096e+00	5.516807397957769199e-01
3.447809732187746334e+00	-2.764499053527762484e-01	2.068304783409309344e-01
1.773076706762571675e+00	-1.005142909649480387e+00	-2.900548637905630851e-03
3.028397164386840146e+00	4.685799464161202188e-01	4.501882677885969408e-01
3.042717208930261208e+00	8.271088675417832548e-01	5.373952524798579766e-01
5.021830884601371503e-01	-1.331832368396200561e+00	-5.788820367831606362e-01
3.619956336050309975e+00	-1.329523134846729127e+00	-9.077898345274400260e-02
2.070484252546642701e+00	-1.853314292265827889e+00	-3.902820415308212998e-01
3.323184117820192185e+00	9.456080602625619447e-01	5.266261682950318379e-01
1.348193444019385900e+00	6.552181104872203399e-01	8.419197524889017181e-01
3.592540591135181760e+00	-1.014764970007444589e-01	2.450202757309535018e-01
1.617886547063236202e+00	1.376681795876788295e+00	8.993872843611463441e-01
1.422668407731635942e-01	1.222680611800212702e+00	9.999999999999461542e-01
3.630989708035127883e+00	3.414174575870085881e-01	3.534980825964357254e-01
4.560180394659208991e-01	1.473085122053034324e+00	9.999610529597136033e-01
1.345323186602617849e+00	-1.176635159852926993e+00	-1.305464241221481470e-01
3.805241671498139411e+00	-1.552321522409088494e+00	-1.441367578043679099e-01
3.807367873056468621e+00	-9.210015539320416389e-01	2.074585750685939770e-02
2.336407763680815819e+00	-1.771652575642740590e+00	-3.187661252450513238e-01
2.564165127462217253e+00	1.246781120041280527e-01	4.124947330772755771e-01
1.848937535715447167e+00	1.746422769179845957e+00	9.024758956768972329e-01
1.243522009622451518e+00	-1.842625837325961191e+00	-5.899649625156697663e-01
1.381791726942672494e+00	-1.511560343959892805e+00	-3.541799588710572988e-01
2.722821978700449730e+00	-1.912038868662588875e-01	2.886045317088133944e-01
3.034260664806951890e+00	1.735500070111619664e+00	7.170457288796100448e-01
3.187158270530809023e+00	-7.353755800929979713e-01	8.283806101609822448e-02
3.179510756898759727e+00	2.893923475356974251e-02	3.127724847031289057e-01
4.557038018898925125e-01	-1.833708563798432056e+00	-9.497768059424348541e-01
2.028239188340068111e+00	-1.406627196151644554e+00	-1.978393265599514006e-01
3.244791640649127284e-01	1.946520491835388000e+00	9.999999740836503781e-01
2.243162641062568685e+00	1.860474785744181903e+00	8.552000206168653973e-01
1.821968955356170428e+00	-1.980240076262361093e+00	-4.914811983978177867e-01
3.562046312757368494e+00	1.807247141692956083e+00	6.573310954521189853e-01
1.468568548953106845e+00	5.564797512620014430e-01	7.856109715519635772e-01
5.565613640676628782e-01	1.471673178080088462e+00	9.997222904470050020e-01
6.576675600060597482e-01	-1.810405774645635901e-01	8.469458151279706248e-01
3.069891463698142253e+00	6.238411431700097154e-02	3.328817919530315805e-01
2.511050446933418279e+00	-4.461367897231927060e-02	3.631179717387004735e-01
4.943784368788818884e-01	6.674570301844173770e-01	9.976508427559490633e-01
4.280165438484900275e-01	-1.441394980974748385e+00	-7.744119183900021186e-01
2.833779612690568772e+00	-1.880105640509287968e+00	-3.009615619504869555e-01
3.837757248203547134e-01	-7.682802336352363426e-01	5.397406260679005197e-01
3.305254231232389373e+00	8.187230509465868167e-01	5.007091241471779419e-01
2.854344685910335411e+00	-1.192586191508206550e+00	-6.736904708775878770e-02
4.172602445034089280e-01	6.937297332996692489e-01	9.994041301231579855e-01
4.308670849322485119e-01	1.879648184429081548e+00	9.999968672931396352e-01
3.947894356154583839e+00	-1.624397136842326450e+00	-1.568538409165717018e-01
1.559656103448869402e+00	6.904084729005051102e-01	7.946165993136491412e-01
1.545504373560874889e+00	-2.249991227817154105e-01	4.632606596660476250e-01
3.269918312304259445e+00	1.472569017510021450e+00	6.388073053951986990e-01
3.794269451797048998e+00	-1.291400842210456368e+00	-7.664960891373318042e-02
3.945404148909196884e+00	7.705038089046580829e-01	4.208717331620501212e-01
3.038174922509872200e+00	1.352461158592440871e+00	6.494233135280337299e-01
1.567412383570571555e+00	1.778456877896093191e+00	9.438979814398007484e-01
4.256527951248081365e-01	7.329921131585832583e-01	9.994184964297292417e-01
3.130872972117003439e+00	-1.130094396629077735e-02	3.056954689946280168e-01
2.277776573969640062e+00	4.713889608048553725e-01	5.689547926591402849e-01
1.754465836063207496e+00	1.475619937914873114e+00	8.877145919541679087e-01
3.634782101869470594e+00	2.824389865553187384e-01	3.388777820162646170e-01
5.336701809939902175e-01	-1.878451761212652782e+00	-9.283146210353228067e-01
2.021237906734350442e+00	1.723794782027911143e+00	8.734826430652333773e-01
1.442792145929343572e-01	7.581070041262445436e-01	9.999999999478943469e-01
1.927776503777092421e+00	7.060535431089860481e-01	7.089079459818865558e-01
3.195827751591657218e-01	-1.137299390409131306e+00	-4.050043122142194529e-01
5.633898734454805268e-01	6.355418809306287997e-01	9.939996192065108094e-01
5.583523624307090705e-01	-4.245423773833660874e-01	7.741629888410237470e-01
2.631920178252647791e+00	6.049319081659683128e-01	5.439828162617970087e-01
3.009575029135151514e+00	-1.573627878768037114e+00	-1.883259138514006836e-01
2.375138183878922504e+00	6.313812184121441184e-01	5.959593396107154550e-01
3.852472939050712863e+00	1.997654903082666467e+00	6.516216296324380819e-01
1.561995260142445829e+00	-1.807151844557776110e+00	-4.751831989234751030e-01
1.214277136499256837e+00	1.908696736885268752e+00	9.835256814108648271e-01
3.487536599938894977e+00	-3.723681571085176167e-01	1.780462333980583622e-01
9.720237702258651691e-01	1.483013801349036598e+00	9.879878179821768303e-01
3.856567903818383769e+00	1.129541936233093846e+00	5.021566118036023818e-01
1.474024512902837314e-01	2.680650439466711887e-01	9.999999325806615547e-01
3.882527424159791796e+00	9.537968370053059308e-01	4.646520863646291799e-01
2.683236566072468299e-01	1.514062245205391566e+00	9.999999854529956211e-01
3.575458143422477253e+00	-3.834387133958681027e-01	1.707534091867626558e-01
2.158034325436569034e+00	-6.918673537470452217e-01	1.418214651936096082e-01
3.972562704865271854e+00	6.703735422543388722e-01	3.973326890109504239e-01
3.878066024680554835e-01	1.231383767765034332e+00	9.999798957042019820e-01
2.260031709165150726e+00	1.049140539106462988e+00	7.195381395652441503e-01
3.880279888914486275e+00	1.191254595434538155e+00	5.114678294543649750e-01
2.140081592263580301e+00	-2.576667407482680083e-01	3.335980937541779823e-01
2.554654688727524103e+00	1.271336864700086444e+00	7.109476387104185502e-01
2.813419887040006895e+00	-1.519163778517566232e+00	-1.824648141436458759e-01
1.872710152594315947e+00	1.779563918433981762e-01	5.573712434823463457e-01
2.547476512327847775e+00	-1.976965358007513496e+00	-3.657459125409525669e-01
2.378825816500091062e+00	-7.016566803989188195e-01	1.247627550048762551e-01
3.614516240914856571e+00	-5.341538605144084961e-01	1.281731241056000836e-01
2.772408833316856724e-01	-4.153092335629783860e-01	9.709692762449158021e-01
1.195756439409698224e+00	7.818688267594486874e-01	9.033542422391491744e-01
3.806604787898578479e+00	-4.457675949186170605e-01	1.445773950540458208e-01
3.572028757174573688e+00	-2.052255095098773907e-01	2.188990587062492887e-01
1.877061335864280478e+00	-1.049823476502689923e+00	-2.653710767079278665e-02
2.518517131425993316e+00	-5.069928334826396821e-01	1.932903260999848105e-01
1.181786613626417681e+00	-1.090921490947394101e+00	-7.678418656977717416e-02
8.336725229226690237e-01	-1.707216304926225448e+00	-6.901877839712702301e-01
1.908423779265930431e+00	4.137943735255116273e-01	6.296390241218493555e-01
1.478073689301605764e+00	6.728511942200648965e-01	8.116268810461877425e-01
2.376258836218400727e+00	4.779613840384579482e-01	5.524980724085428729e-01
4.031650841634408788e-01	-1.460238247977105885e-01	9.714919618373175636e-01
3.900139749898048791e+00	-4.808568792830807959e-01	1.323282434366693794e-01
3.946221903470451320e+00	1.453334598287301160e+00	5.523050001208212878e-01
2.822830684677006818e+00	7.632714054487221844e-02	3.638303173331529639e-01
2.190775828742069553e+00	-8.327248948107612847e-02	3.956228229973040023e-01
1.307157703516678371e+00	-1.897431736774256805e+00	-5.957623776967176932e-01
3.273800576857099909e+00	-6.350086894953745897e-01	1.110289215845532695e-01
2.770451572960128672e+00	-4.792175248565718193e-01	1.857942279467957036e-01
7.342060634450758849e-01	-4.047088764123981108e-01	6.700289761268203304e-01
3.652616019525986246e+00	3.206894769093291409e-01	3.465993389949023062e-01
3.307895247400359118e+00	1.344101869075138567e-01	3.300997319498695237e-01
3.804219661838504241e+00	4.316203711737784943e-01	3.595110995261316944e-01
2.930306082714603466e+00	1.059533046168513071e+00	6.061666356630935892e-01
2.492319264149580604e+00	1.251942954864373903e+00	7.180235676804105349e-01
1.731147841533413612e+00	8.724923049059776226e-01	7.938093719443612972e-01
3.737641085080651848e+00	1.822094783819738772e+00	6.381502895881704385e-01
3.477649169051592715e+00	-1.927069669294553256e+00	-2.604391110157269207e-01
2.763528134141386983e-01	-1.216888057265815615e+00	-6.554663010326056138e-01
2.028312005392828576e-01	-1.969748500087431520e+00	-9.998593233712051997e-01
1.568207130824393447e+00	5.898988566184120153e-01	7.673423958291830660e-01
3.261157990049148303e+00	1.592122195799947626e+00	6.611461883935229045e-01
3.950376904328283256e+00	-1.026070813694802908e+00	-6.599480463047023918e-03
6.866258753037598472e-01	1.708138179185226591e+00	9.992500301706428445e-01
2.417109789873326697e+00	-1.758930438841756594e+00	-3.040558773088261613e-01
1.585474340860983933e+00	1.737744107222057188e+00	9.386726651870319627e-01
3.882666151476952709e+00	-5.935092510414623490e-01	1.043128779678801354e-01
3.384263800229263985e+00	-1.594316686203134159e+00	-1.738285426834759173e-01
3.369481948373437064e+00	-5.651296325469746390e-02	2.729138952894811232e-01
1.927903323200383934e+00	-9.728937291179682312e-01	1.405904774818322184e-02
1.717796059116893925e+00	-8.605083921523086765e-01	8.102580529199424064e-02
1.166287580529754342e+00	-7.708401402948537040e-01	1.939964447780447576e-01
3.198644369386157704e-01	1.212103591330653707e+00	9.999980317401959695e-01
3.472417267394707796e+00	1.566451067010179443e-01	3.212990959888927245e-01
3.270313935607302547e+00	-7.547692033759854091e-01	7.484669223314527331e-02
3.998898925815908889e+00	4.413351332436735164e-01	3.455953745945324895e-01
3.986883664588231291e+00	8.646026968927742473e-01	4.363263347975824269e-01
2.266183651850246950e+00	-9.095039970658648221e-01	3.991200360912813133e-02
3.099050919203991228e+00	-3.458035938985939417e-01	2.080150526940325040e-01
3.784586346541468860e+00	-1.512455626652209784e+00	-1.345844590935637020e-01
3.413624823641904449e+00	-1.275402601861278740e+00	-8.050288160866871101e-02
1.064657596798470829e+00	7.244714158599312448e-01	9.245868897719119461e-01
1.857122127709364801e+00	-1.274246609217492221e+00	-1.466087327675948404e-01
6.037217190908303888e-01	1.006535346682406740e-01	9.491479937908700037e-01
3.820799006309017809e+00	8.361850468897307209e-01	4.467049466331963758e-01
2.464081074358431600e+00	-1.572492307621024876e+00	-2.282428990958778048e-01
9.917069414635045765e-01	2.692488785156141873e-01	8.564483714386217361e-01
2.719632669182841411e+00	-9.737488651945450657e-01	9.652156286160758561e-03
2.510700137785793817e+00	1.851707500950319218e+00	8.130023136333824896e-01
1.496834600328078357e+00	-6.581741312030109370e-02	5.539799907102531673e-01
5.428746095785531578e-01	1.223970199100632428e+00	9.994471589730880012e-01
2.719135462811918202e+00	2.009061686250470657e-01	4.150111876820546941e-01
2.129200033524794033e+00	-1.826349868580723568e+00	-3.697240735804273037e-01
3.112041727768993571e+00	5.326055023760893903e-01	4.561792996399228750e-01
2.128637654336774432e+00	1.805613368826628040e+00	8.662937764957358011e-01
3.423507851242306277e+00	4.064472805853248105e-01	3.891691537646130850e-01
2.252436671220493736e+00	1.276755437707160823e+00	7.660913178123482936e-01
2.287658088988006710e+00	1.536825853393631203e+00	8.036796852576791883e-01
3.518949050367546683e+00	-1.087680912204270101e+00	-2.491163412578836778e-02
1.673583178228348567e+00	-1.151820640367093418e+00	-9.046789278900627118e-02
6.226593909574987817e-01	4.439239554039668967e-01	9.808300170766771631e-01
2.122524376220220055e-01	-3.558861207731812137e-01	9.953851777385828159e-01
3.045035297127113960e+00	1.359445211466881354e+00	6.497407228591951522e-01
2.519207250278512333e+00	1.600092493592044640e+00	7.747521763035690734e-01
2.845911095586972195e+00	-5.863144827891275668e-01	1.443461184918386486e-01
9.305602298847518439e-01	-1.052517764102071762e+00	-5.637687406080283542e-02
6.318487547884020783e-01	1.122102060975447291e+00	9.975828894615952347e-01
1.567241961047395327e-01	-9.007758578074556155e-01	5.601921048107080248e-01
1.467291479345728344e+00	1.290457274054713555e+00	9.155839968898565884e-01
2.400678978733068902e+00	-3.050469854049486784e-01	2.816578464091551437e-01
1.629751775888955923e+00	6.701995971658818441e-01	7.718218259432556572e-01
1.806152195892543499e+00	-1.617858744661327286e+00	-3.293381015091620956e-01
3.626218908525618900e+00	4.954372987062921063e-01	3.905049973468214808e-01
1.458196321390871519e+00	-1.929292850510835600e-01	5.031178182175529701e-01
2.104559007723262098e+00	3.464338527018964164e-01	5.647429722639230043e-01
3.156246749690458042e+00	-1.327943169020546321e+00	-1.035305955032322645e-01
1.646516851052953756e+00	9.474949797767283632e-01	8.283314925631948267e-01
2.526138130888706534e+00	1.451188310172914164e+00	7.488493882653279865e-01
3.463218464112306272e+00	-1.133040799636897411e+00	-3.839647861376982441e-02
3.803130432264803851e+00	-1.617141777919352874e+00	-1.608625679988258117e-01
6.735865756232478629e-01	-1.905445655814654415e+00	-8.726810943826078804e-01
3.713691738129827780e+00	5.678860017730640308e-01	3.987743470787519229e-01
2.019253543010198992e+00	4.283761443551231118e-01	6.090302027328757806e-01
1.107153114365937663e+00	1.867896508562800761e-01	7.901869083839109242e-01
1.890629449329218836e+00	-1.072211615536098339e+00	-3.817592151181536247e-02
3.922127043613360620e+00	-4.363760163779413226e-01	1.427225607112700134e-01
2.021210566572191780e+00	3.779053407446921753e-01	5.926382591525624077e-01
1.382131280121282169e+00	-1.293256456332247950e-02	6.132808932286734072e-01
2.570263331835230591e+00	1.951142080859548766e+00	8.171524677507961965e-01
1.036567913234953009e+00	-1.454240989773067705e+00	-4.121648735681802678e-01
3.958669796237893057e-01	7.805782161903751515e-01	9.997521824586451666e-01
6.026309154515319122e-01	-3.827249275828314978e-01	7.716123116643087698e-01
5.993787719353125265e-01	-2.872015402975409692e-01	8.303395166014533313e-01
6.924205046979479139e-01	8.703910626327049371e-01	9.910295528184975833e-01
6.414259733326994617e-01	7.697446052974785680e-01	9.920056081626692501e-01
2.599411504732537015e+00	1.965023974808752794e+00	8.146335305498566548e-01
8.093323291566647537e-01	-1.486422842183499071e+00	-5.377731569412159685e-01
1.448102404963066636e+00	-1.583561402463334877e+00	-3.824988783870382769e-01
3.597474798633446103e+00	8.973552685149646102e-01	4.834011548491016774e-01
1.948450397025202507e+00	3.135476680256363835e-01	5.877030639134314116e-01
2.703475180232005837e+00	-9.033573337607764264e-01	3.573234989779116438e-02
7.720474976863562766e-01	-1.682322524044053580e+00	-7.083094818065959197e-01
8.499271733538159568e-01	-1.657367001614278079e+00	-6.489248427340660319e-01
2.593876034392675889e-01	1.576763498656473139e+00	9.999999952962563832e-01
7.588467459814417504e-01	-1.232530701125028383e+00	-2.971826082601948804e-01
1.186502322224638695e+00	-7.065137515379169564e-01	2.424298973993400941e-01
7.903408886793125143e-01	-1.093374391092047926e+00	-1.175978125546374431e-01
4.459398816525169118e-01	-5.800147766722507647e-01	7.360471822389387242e-01
5.704798972923431633e-01	-1.722304629015626309e+00	-8.527466916417328902e-01
1.897037195327630377e+00	7.623916363308147481e-02	5.133930225918308388e-01
9.047015017825907890e-01	-1.729549745631140389e+00	-6.675985866686691139e-01
1.520652458087494496e+00	1.201426031289446472e+00	8.952342049101098542e-01
2.063327356333941598e+00	-1.065151672358267909e+00	-3.156553308693237081e-02
2.792539831654524907e+00	1.600476584180423600e-01	3.930561756232119897e-01
2.533173453802858299e-01	1.520316350245833004e+00	9.999999954372620348e-01
3.217700555745266477e+00	6.035094761887767056e-01	4.608107952650771222e-01
2.548811519014540394e+00	1.318311462053411987e-01	4.170060217851788154e-01
4.188602246006005170e-01	-7.026649875384975985e-01	6.105933674369179442e-01
3.506956634016431096e+00	-6.679923477672082832e-01	9.438933605595599408e-02
3.691402362074071242e+00	6.779478207927605027e-01	4.256365502404613199e-01
3.382040434339685930e-01	1.976557444884669890e+00	9.999999546562166053e-01
1.179822827774094307e+00	6.473567593975144696e-01	8.845437535734161916e-01
3.244184991192938572e+00	2.311336694800996128e-01	3.622639191516323076e-01
3.018212792496268282e+00	9.226020409569843927e-01	5.628535373294896171e-01
8.196319754898715448e-01	-1.391775508651273974e-01	7.819054141979212558e-01
9.164623610131700238e-01	-1.759430629596859141e+00	-6.797528574309350535e-01
1.544841200886390098e+00	2.491872635116391954e-01	6.688274833520031493e-01
1.989639642244983131e+00	1.830501138021520813e+00	8.901442192473627557e-01
2.511193608968154134e+00	-1.298788230569361435e+00	-1.184242432523266442e-01
1.538763194322112504e+00	7.600195632826629577e-01	8.156858461927678494e-01
1.903885392919276942e+00	-1.196265245363774099e+00	-1.027230738395373683e-01
3.015136658721650598e+00	1.433107378923250685e-01	3.620041298110516226e-01
2.430644912733317953e-01	-1.613294201413121520e+00	-9.872166867225919962e-01
1.084504082941680769e+00	-1.985162549672594423e-01	6.285602545381483441e-01
2.882063384949754337e+00	1.024653315580984492e+00	6.059530604762998207e-01
3.591306666980077278e+00	-6.097139030440716922e-01	1.082494174824433636e-01
2.095542024251098034e+00	6.596468979488721018e-01	6.595345039225487538e-01
2.175242592534730957e+00	1.181799843158916730e+00	7.628572614124840001e-01
5.179708442251266254e-01	1.708711277917810634e+00	9.999426200085388405e-01
1.844908230611472799e+00	-1.061431672578185825e+00	-3.328565476744176771e-02
2.177207339174590306e+00	-4.027363367627673774e-01	2.676451852573571988e-01
1.045634964175445658e+00	-1.390335946678330492e+00	-3.568751565840336815e-01
1.150048600702586077e+00	1.969934008633500877e+00	9.886374751184932030e-01
1.571408236108028378e+00	1.708003871697181264e+00	9.382588667361607682e-01
1.782776713331328533e-01	1.598285211222383317e-01	9.999955309688099980e-01
1.356108745774395441e+00	1.368133177505685083e+00	9.409496233563660050e-01
9.246472272865240427e-01	8.383190908816871845e-02	8.249624884729291896e-01
1.377239673493867222e+00	4.943427520110387774e-01	7.950560053666084759e-01
5.670723140950797436e-01	-1.643502271535933534e+00	-8.126488471076206421e-01
3.573056394885590237e+00	1.021081681987231704e+00	5.121538116747595959e-01
2.415010568860789686e+00	-1.489146065459060697e+00	-1.998190467989630903e-01
2.748499044663509583e+00	1.304270521010113537e+00	6.849469386893257683e-01
3.177767830568619445e+00	1.128112350681543585e+00	5.847744813584414558e-01
2.043924575823323764e+00	8.349787909719057488e-01	7.152114142852533663e-01
4.389891235409523751e-01	-1.855358477900951542e+00	-9.602004380965744046e-01
2.194715513092336590e+00	-7.874865762186855633e-01	9.652810615016679807e-02
2.388680360281428605e+00	-9.475497203566284332e-01	2.195431944673628677e-02
3.007213949318887192e+00	-5.594543701139236269e-01	1.454571968744928778e-01
1.783472230295749528e+00	-1.649429012944645834e+00	-3.488531858857533141e-01
5.975631809026986652e-01	1.747831292124251146e+00	9.997972918581176094e-01
1.206726032615025535e+00	2.152089628495050810e-01	7.645306825546716034e-01
1.516020955954676896e+00	-7.779027573679058172e-01	1.454609583380513382e-01
2.619077241193245253e+00	-4.120739317028663251e-01	2.207822776451368874e-01
2.326035388208756327e+00	-2.111898379806573522e-01	3.266934769855021625e-01
1.488777231001600310e+00	4.023773334424691761e-01	7.361241617792518843e-01
3.947409470292621236e+00	6.271771078599108762e-02	2.628979829517660294e-01
2.462521795491860122e+00	1.677567892857669385e+00	7.959006753089993280e-01
1.025184487770378405e+00	-1.214606837667897739e-02	7.458723665286520754e-01
4.969516432195745792e-01	1.968632059293250691e+00	9.999870475709093931e-01
6.961506428188948270e-01	1.405699830980383203e+00	9.980093285457808383e-01
1.059235140699581690e+00	-1.165957942570656769e+00	-1.554075912786651303e-01
7.266573557122670834e-01	1.722380858575665030e+00	9.988865556595930562e-01
8.276113938000924097e-01	-1.534534408458095633e+00	-5.688872301900709250e-01
1.211871157906003527e+00	1.269798833964766338e+00	9.538626555288464148e-01
7.761570216495438101e-01	-4.775068260936797260e-01	5.870676139336545862e-01
3.597385156043058085e+00	1.511897281780278046e+00	6.032598917766425206e-01
4.129116080804046129e-01	1.472226760429801384e+00	9.999873955974736273e-01
2.145594419323993307e+00	1.223701600470484596e+00	7.764638722448389263e-01
1.700547625259679840e+00	1.160121745228245516e+00	8.538655751886879974e-01
3.931276605943564650e+00	-7.812834436078368583e-01	5.557766505095945025e-02
5.369517184554041256e-01	-1.676322867794991289e+00	-8.509427408004828219e-01
1.651636836278392417e+00	-3.880792849393541744e-01	3.544232980096228003e-01
3.880934689773938295e+00	-1.305901940053965093e+00	-7.865888655583663791e-02
3.475477790986523097e+00	7.798043556098468443e-01	4.715825264587913956e-01
3.286581076702192128e+00	-6.156010938488578610e-01	1.164296936546997535e-01
1.105821025475265396e+00	1.902440803439660044e+00	9.895533716771536259e-01
7.664615908212566442e-01	5.638883093813280567e-01	9.667734443190265647e-01
2.707708557705280850e+00	1.289922254537443802e+00	6.888189173936292153e-01
3.724566357597584698e+00	-1.469901309032606296e+00	-1.254975458637051233e-01
2.271375282754326097e+00	1.448057929090490248e+00	7.923768622682292317e-01
2.329289488932608787e+00	1.691028762053577106e+00	8.195023464138834202e-01
1.191918465275108474e+00	-5.175232472425638636e-02	6.615496107023958183e-01
3.101022439448553936e+00	4.250117510039097546e-01	4.297007842717045500e-01
8.294706193743410783e-01	1.059239203611981761e+00	9.861434085391903581e-01
1.362349021976550389e+00	-1.300645490958349804e+00	-2.171677023209838409e-01
1.759202110604025426e+00	1.026430585376969518e-02	5.184913200466676475e-01
2.079680476869374406e+00	-4.053478889107475780e-01	2.783885234401110575e-01
1.045397956418812946e+00	-1.414504031351003555e+00	-3.769533215732300269e-01
5.478636164828938337e-01	-5.298623108338742504e-01	6.952924599441304698e-01
2.481418165522366603e+00	-1.727310762458025506e+00	-2.849881782635703131e-01
1.225659157636997509e+00	-1.896752372202051840e+00	-6.240731916537395341e-01
2.366829063548188117e+00	-1.459334843380708957e+00	-1.916714852102120170e-01
7.020145895693891136e-01	1.852460446356695600e+00	9.994089721531408399e-01
1.976446397233788010e+00	1.981181435800678514e-01	5.414453419877293117e-01
2.177098786951185083e+00	1.863288644612880018e+00	8.655816109352263421e-01
3.021117936074648735e-01	-2.700084866794720817e-01	9.841942119367004249e-01
1.412756684956290476e+00	-7.527354676589617100e-01	1.732572059640656581e-01
6.242172400619995232e-01	2.456745136097637436e-02	9.276629492118781961e-01
3.471623848437941917e-01	-2.419532454683595013e-01	9.749420179143164500e-01
3.960844906320785785e+00	-1.577341262953024348e+00	-1.447385299916165990e-01
1.357179995401419648e+00	5.633052587608249340e-01	8.183751373111979310e-01
3.258510338833076503e+00	-1.135847269961601569e+00	-4.166585560879478012e-02
1.093098553578679022e+00	4.783518195913183946e-01	8.746283229355209521e-01
2.757860616673324383e+00	6.008043695926135186e-01	5.229935218261558827e-01
3.064888653569777688e+00	-1.391900587485407570e+00	-1.271754465998988504e-01
2.422991088370592738e+00	-1.754601491557327364e+00	-3.017409799130580383e-01
1.939147135345617556e+00	1.123046344273759267e+00	7.986360965249914567e-01
1.706179565174347434e+00	-1.607983049227192929e-01	4.556915429044199883e-01
1.460586239517681628e+00	-1.767344817978096838e+00	-4.818321742629175786e-01
3.725163662566521872e+00	1.979465268679068801e+00	6.639368590628543787e-01
3.339415690372144141e+00	-1.768877756014533675e+00	-2.262591151677734447e-01
3.863604951599398873e+00	7.801409154342127117e-01	4.306921087254081959e-01
5.847591715936244494e-01	1.934715701053654424e+00	9.999125326280523529e-01
2.950383153294212413e+00	-1.043279583136297539e+00	-1.466808777092520368e-02
3.759527781602047813e+00	-1.431002525251215296e+00	-1.141431075116543792e-01
8.068089580460745536e-01	-1.514460242310284421e+00	-5.632960802607703821e-01
3.593354427304322751e-01	-7.868994097296178047e-01	5.320790819506002745e-01
2.990370532231230172e+00	-1.595816755957413235e+00	-1.966497466922155213e-01
2.340445141401656493e+00	7.686453667765276165e-01	6.385298427136261168e-01
3.383132229357260989e+00	-1.750832807479749231e+00	-2.183608296767695078e-01
6.451122688425289242e-01	3.768851259915883406e-02	9.229438992080876147e-01
3.201542516253571335e+00	1.986787415411907176e+00	7.319530270248976178e-01
8.863465481862036199e-01	1.255881078024075226e+00	9.877628822876961534e-01
7.382581771762475320e-01	4.608777529240434823e-01	9.625000099631881856e-01
7.406366119308723794e-01	-7.749855168535533245e-01	2.947974657593557812e-01
3.276841408902390285e+00	4.955833451665538902e-01	4.271537897243782300e-01
2.694269160715180522e+00	1.081658556466065235e-01	3.895800150653223048e-01
2.139955156599565367e+00	-2.956664644385140761e-01	3.177430677532624981e-01
1.499438888081659815e+00	-1.477158493039201881e+00	-3.079008060641299505e-01
3.521082109171122188e+00	1.546416860961866924e+00	6.188823364237483471e-01
1.630535918948278207e+00	-2.008614047147099235e-01	4.543020966471064126e-01
3.284737813939150541e+00	-1.221509952716939518e+00	-6.733407449862649496e-02
1.812626143423851754e+00	-5.289625964908415412e-01	2.541689025461659202e-01
1.570083274757139602e+00	-3.434809898842918763e-01	3.953646848696826255e-01
1.904451164111464756e+00	1.310151582267497172e+00	8.375853349587808472e-01
1.275373709240154474e+00	9.344575222456081853e-01	9.081343448728014245e-01
3.015676582687379703e+00	1.077219574565359217e+00	5.972151423449890695e-01
2.060609521360668772e+00	-1.955874942285411144e+00	-4.332409968251073051e-01
1.005629511072587690e+00	-3.353840072809540218e-01	5.789590387760170653e-01
3.608340835770816657e+00	-7.462339345870550034e-02	2.509766815975726373e-01
1.597175763355524580e+00	-1.923230892707773254e+00	-5.212391347847300516e-01
2.219856158344556185e+00	-9.607471650198632362e-01	1.768076018111962994e-02
3.635241232761732721e+00	1.041159292488540222e+00	5.090836824789521931e-01
2.534528184064569256e+00	-1.451561177084003784e+00	-1.763023213401919975e-01
5.559023587626198415e-01	1.412405258103666128e-01	9.675837849087738363e-01
3.765345282092553258e+00	-1.139192511931050200e+00	-3.694990289946101236e-02
2.548061406978529675e+00	-1.951516901424426687e+00	-3.569863070373516245e-01
1.406131897162635980e+00	-1.035194169601834080e+00	-2.502384188530751979e-02
6.431610833872102306e-01	1.903495019640215169e+00	9.997602225928872155e-01
3.196698238154153771e+00	1.206148447531958379e+00	5.980677371011519083e-01
2.518283748121202592e+00	1.838306577284133603e+00	8.100174377909032941e-01
2.180498258707654013e+00	-4.858382429455022217e-02	4.105975340932551121e-01
3.586181073898734972e+00	-1.561055205289985759e+00	-1.551851514660144427e-01
3.175529123775669760e+00	1.918379558947718444e-01	3.586358233456174993e-01
6.915320309577295266e-01	-1.824906617601564918e-01	8.281350529551747552e-01
1.315716064402638219e+00	1.377428330958463842e+00	9.475206532603749343e-01
1.069107645276416330e+00	-1.607669676863021646e+00	-5.141756180370300466e-01
3.001390541033440051e+00	-4.703545191288727167e-02	3.072516169860878832e-01
2.307764954695395998e-01	-1.399805341224062971e+00	-9.393430622693134113e-01
2.322569770998134331e+00	-7.012962924397601050e-01	1.279047246123987125e-01
3.073588874388693437e+00	9.494283095511986126e-01	5.609727471001935140e-01
3.519385983370822757e+00	-9.592748252493386862e-02	2.513783497337194195e-01
1.434118819992039162e+00	-4.964468594169226812e-01	3.373717435743671111e-01
3.302903488220850114e+00	-4.220948857198588144e-01	1.732049099813502968e-01
5.314637741253082082e-01	-1.622129263760534457e-01	9.180341420076207903e-01
3.401163937764621448e+00	1.140066175348227517e+00	5.575120142985809935e-01
5.972057830947313795e-01	1.568338755760937619e+00	9.996322921561590080e-01
1.649420433185432300e+00	1.821338746015713106e+00	9.367092388476292442e-01
3.209451926540259237e+00	1.147613545021180403e+00	5.844222791286031171e-01
6.846779666602177405e-01	-7.383724170079490889e-01	3.645451722838228270e-01
9.940804414073017847e-01	7.525388243461685889e-01	9.428343342936229554e-01
2.916785016732958535e+00	-2.495875037784323069e-01	2.517439051445415910e-01
2.908142492529689704e+00	-9.813175118157951848e-01	6.424111344456139537e-03
2.600475768252660025e+00	1.363486317703690442e+00	7.205879515338415864e-01
2.806398933421690334e+00	-1.846294604150700014e+00	-2.927385801313722724e-01
2.216625329055625038e+00	1.607047968541694072e+00	8.262285991621650671e-01
1.082016329737115701e+00	-1.540901415010633435e-01	6.537330844341076030e-01
1.448214374665285797e+00	5.488059072331217259e-01	7.892573142914797169e-01
8.082310955255600504e-01	6.374156888231308216e-01	9.658141605981227507e-01
3.642957189201150303e+00	1.580470962826145520e+00	6.096380547478525980e-01
2.375227999587870453e+00	5.466787286688292724e-01	5.724575036128782823e-01
1.663320525378195525e+00	4.557343390402471273e-01	7.040053454402108724e-01
1.901822634212117613e+00	-1.733391837757240150e+00	-3.675831386458249250e-01
3.794405024486080080e+00	7.363208778081631323e-02	2.756344315944742052e-01
6.980704721527127843e-01	-1.399323996731833386e+00	-5.168556403895409046e-01
2.386296344865508789e+00	9.497350748859424430e-01	6.734637145779072132e-01
2.072965847649417270e+00	4.888768325069792198e-02	4.668102764129652971e-01
2.484671518195126438e+00	7.209111168334132458e-01	5.996568092903259428e-01
1.706297169012779835e-01	-1.833308397590463157e+00	-9.998854337804607972e-01
3.501283244882191337e+00	-1.660831935816787119e+00	-1.865302594395598090e-01
3.735261301686088942e+00	8.652935522507290145e-01	4.616249461144312782e-01
2.304019415997915043e+00	-1.711662656005306316e+00	-2.994167180484979540e-01
2.816938213119879908e+00	-1.714973088938965606e+00	-2.484987615947114870e-01
3.697747586591452862e+00	-1.951566099060450421e+00	-2.518027600193689652e-01
2.858230673822254708e+00	1.826005593197920440e+00	7.568183558356862406e-01
6.949022673656192195e-01	9.500334378360277832e-01	9.927219675235555707e-01
2.347524604650571778e+00	-5.869943659917433720e-01	1.741394282473116839e-01
2.466188680893138141e+00	-8.138576748493790980e-01	7.533472718829177517e-02
1.754109618079305433e+00	-6.011870810166017876e-01	2.235209548785400124e-01
2.972132518936418943e+00	1.098614124724727414e+00	6.082235859611114792e-01
3.744031357599158394e+00	6.454824442816575747e-01	4.132256244291415137e-01
3.709717200336428267e+00	-1.259217728530128477e+00	-6.976183213946327011e-02
1.858273548476115700e+00	-1.303562658663662610e+00	-1.619196058808052563e-01
5.416283787789454296e-01	-1.606417401146410739e+00	-8.074363370654586980e-01
3.940880675953104983e+00	6.412108788053525466e-01	3.939422118691484065e-01
3.371702537139143363e+00	1.057490648886943774e+00	5.442840993959259244e-01
5.861844566927406630e-01	-9.398142866999840139e-01	1.023144001210775228e-01
3.691283342207751783e+00	-1.916220155876348752e+00	-2.432370117901613560e-01
3.492595812042299297e+00	-1.671313330094290617e+00	-1.898778296048792003e-01
2.123468422791681132e+00	1.871440139380121659e+00	8.745810957731698920e-01
2.405974199405223946e+00	-8.182208900903190640e-01	7.540979254070395710e-02
1.656110545093508080e+00	1.076892591352534456e+00	8.494233563430451106e-01
3.135703914059221886e-01	4.986542754170550928e-01	9.998588334261145905e-01
1.407269242419013633e+00	-4.722414413884163942e-01	3.583775841914947913e-01
3.231128449532244762e+00	-1.177250951217779562e+00	-5.480232866066771236e-02
1.180648897179511492e-01	-1.514454327362374508e+00	-9.996717678593467493e-01
1.400646769595462304e+00	4.600518721554665014e-01	7.788390009030941030e-01
1.652857905004678996e+00	1.098535122551151932e+00	8.537001529378563935e-01
2.195842851457899148e+00	5.756170141645227112e-01	6.153865864057211921e-01
3.687436904009766092e+00	1.212085329966332559e-01	2.950252603451943845e-01
1.450749378027248904e+00	-1.832195106273454943e+00	-5.180210557195332743e-01
1.453117487395287899e+00	1.873955110377535149e+00	9.624240514615487463e-01
2.976254867628018719e+00	1.194856766618298316e+00	6.276056265488665353e-01
1.863649969470247969e+00	-8.287118531961409351e-01	9.165211141416776397e-02
9.759588094659296109e-01	1.919881317435402357e+00	9.949732681297166481e-01
1.864514112917504018e+00	4.075263585452884030e-01	6.380646100278684063e-01
6.493423794812194227e-01	3.296906328289859189e-01	9.672503338102820258e-01
7.879092473742708158e-01	9.922927177181284364e-01	9.873533025863125978e-01
2.043634313683970749e+00	1.247079152360550225e+00	8.003375063432088821e-01
1.733809253067736922e+00	6.259144293260106018e-01	7.341960359791677160e-01
3.667899014165590277e+00	-1.487617014535199900e+00	-1.321640919004105075e-01
1.513336206554869223e+00	-6.469299760220064144e-01	2.291628527227055623e-01
2.364294566084369720e+00	1.712334561304199143e+00	8.168266014266951647e-01
2.565830722886168314e+00	-1.101537552624592298e+00	-3.955232962616634512e-02
1.510683806945011809e-01	-5.113319046499467113e-01	9.969047822049491581e-01
2.687795750865171751e+00	-2.716924682232160215e-01	2.645256401882586372e-01
7.943402707920305117e-01	-2.423800412221913114e-01	7.414862101162108532e-01
3.848174238130875224e+00	4.517583299781021133e-01	3.603246936808792156e-01
6.797846382371405261e-01	1.772303350978830405e+00	9.994263873747536442e-01
1.717034082535392692e+00	-1.037229152669980170e+00	-2.167884731728934172e-02
4.328637055067111050e-01	-1.513994494796327528e+00	-8.297794934681264056e-01
3.987809582199194569e+00	-1.210118040560250741e+00	-5.264138256991576087e-02
2.058560540291845875e+00	1.547699600837078027e+00	8.447732020025875421e-01
2.422001567548170975e+00	5.832432506208239387e-01	5.741502062310352983e-01
3.615982618148672056e-01	-8.563728430433594774e-01	3.775514047126437012e-01
3.024845834556793012e+00	1.263787755874469010e+00	6.341920878202886858e-01
9.186318130727844089e-01	1.445479985453743899e+00	9.903025477324836068e-01
3.602411728818784020e+00	1.386057354761111915e+00	5.799251925830127830e-01
9.000445978798279345e-01	1.675706134558217819e+00	9.947796217810893626e-01
8.436821105882995608e-01	-9.910359193065535477e-01	1.062455073907370498e-02
2.425437046075699932e-01	1.020167714985113161e+00	9.999998834595815733e-01
1.941061085928996732e+00	-1.578420109034399388e-01	4.085460720105577037e-01
2.302880419724204319e+00	1.367994211560245921e+00	7.732155505163368359e-01
3.562636937705742080e-01	9.139627086464527927e-01	9.999568796352845679e-01
3.124557705110541317e+00	1.105789785998898322e+00	5.875709516291227619e-01
1.867826455517308082e+00	6.246473507242860101e-01	7.012757395969085872e-01
2.145122050377562317e+00	-1.290284922121172295e+00	-1.345032416124899433e-01
1.818974713059089643e+00	1.801076755877533131e-01	5.708455998200636650e-01
1.662975937413771366e+00	1.938678958098032812e+00	9.432929741088518227e-01
2.282597292102049646e+00	1.749552265988475686e+00	8.350437848115367379e-01
7.054369591297787734e-01	-1.827305056811953099e+00	-8.251535041707220852e-01
8.095197089315573358e-01	-1.340740737082251499e+00	-3.977028088362049019e-01
3.460963921952717293e+00	-1.473084906181752363e+00	-1.358466323065860570e-01
3.789850302321168041e+00	9.039196399411819627e-01	4.639815930395396748e-01
1.555906333491036575e+00	1.271141319427780303e+00	8.975924236619755581e-01
1.155904225259859697e+00	-1.145954534757312349e+00	-1.256018946013820747e-01
2.611598218632161572e+00	2.341077180731599219e-02	3.729724638578594820e-01
1.694063267282575946e+00	1.362812112044800017e+00	8.842137959980862494e-01
1.990067870753449430e-01	9.312061790650023596e-01	9.999999925518355814e-01
7.089951297281423814e-01	1.689488219673931368e-01	9.286845545232508270e-01
2.892291692504850520e+00	3.613907618350916118e-01	4.387616745718309064e-01
2.669803373449590289e+00	3.344218766511986018e-02	3.688449512371905215e-01
2.056743707635856622e-01	-8.098061947247177095e-01	7.281286202685791631e-01
9.656914315385027869e-01	2.600879714360644357e-01	8.629679599996551431e-01
1.001191706693478567e+00	7.555412082003627461e-01	9.417670994193984013e-01
2.720381700035040762e+00	1.493291663443230721e+00	7.242482566238263031e-01
1.768710972420201866e-01	5.451654159169923020e-01	9.999999483653801979e-01
5.060234697398379167e-01	1.044486148172631967e+00	9.993812197606851688e-01
3.219672732955438654e+00	-1.359713460181708022e+00	-1.112610682523538785e-01
7.963241820119008052e-01	-1.537701023208404572e-01	7.866836505827861092e-01
2.645709820622311526e+00	-1.962673520691626816e+00	-3.486113272669776886e-01
1.028912846082233434e+00	-1.013284541913507919e+00	-1.291052379697174048e-02
4.878214317614461004e-01	9.058468604520192313e-01	9.991920124142248394e-01
1.048371544897870988e+00	1.967239805397453578e+00	9.930637327104140377e-01
2.916841034237070751e+00	-1.603287601651136374e+00	-2.039294412847628690e-01
3.437216225614514453e+00	-3.940227365548470417e-01	1.744947434552851229e-01
3.337857471811267018e+00	1.200283874796637784e+00	5.778244298357356756e-01
1.649015765511974152e+00	-1.183857461484404627e+00	-1.110355514070878596e-01
2.705532032625520333e+00	2.203397972091449553e-01	4.227646302248665999e-01
8.994387521217017678e-01	9.322851841186992061e-01	9.731374355938328113e-01
1.243276148017951499e+00	4.639418010407161952e-01	8.266576289734266503e-01
3.595709692232367249e+00	-1.247901061538335687e+00	-6.883454236342219368e-02
1.507075016918705268e-01	-5.784617252570423140e-01	9.925882612503561520e-01
4.334832703324255077e-01	1.135167137941588855e+00	9.998946386259998098e-01
9.107563950695065635e-01	2.169060565280664932e-01	8.707441239346822570e-01
2.034755951078968950e-01	-1.979081545828349054e+00	-9.998677076269544273e-01
8.075981968502095043e-01	1.043963040112375396e+00	9.874118376279708009e-01
2.373862087781799524e+00	-1.858754580239043941e+00	-3.467582445275327885e-01
1.743555747310741921e+00	9.829351309249285684e-01	8.135008232843921050e-01
3.581419673200201714e+00	-1.190077759339050356e+00	-5.302352384031406435e-02
3.288029890779919473e+00	1.832293920477520821e+00	6.969759349681052818e-01
1.433087671621716241e+00	-5.282369947916620845e-01	3.177958261111181182e-01
1.111751390382040849e+00	-6.922735346476835971e-01	2.699355589118492826e-01
1.580800391852340780e+00	-1.404447798670221292e+00	-2.504098299601598132e-01
2.402150275807749757e+00	-7.775831380391404757e-01	9.232704536133687356e-02
1.145448199209217366e+00	1.506603047312802479e+00	9.751767571210632202e-01
2.534180740611622795e+00	1.985337350508989296e+00	8.268289618013564546e-01
1.696705443545837522e+00	-5.267618779726066514e-01	2.719014226615775187e-01
2.252984005322723249e+00	-2.055574761818297347e-01	3.386951986944492510e-01
1.800893463627735169e+00	8.882837528109481795e-01	7.812326656703398875e-01
1.248416462213479017e+00	1.544783121860298314e+00	9.666430645819491518e-01
3.798967897152411233e+00	3.721773367471366001e-01	3.462683026416090160e-01
3.078062597223066632e+00	-4.338972072886825293e-01	1.818693380041160879e-01
6.464413854891648548e-01	-3.495126366055049671e-01	7.642102071255576501e-01
3.487025106001860220e+00	7.824725859872274647e-01	4.708585284363507872e-01
2.000981673173102937e+00	-1.987126945582885273e+00	-4.568485521469684008e-01
3.588753684886957007e+00	4.783573498393626777e-01	3.901201247893935076e-01
3.219435498194529011e+00	-5.780279582345704270e-01	1.303247491684069448e-01
1.758332667430010599e+00	1.176789325108337003e+00	8.448799049179788190e-01
1.876303024484578530e-01	-1.628037440707471362e+00	-9.975274459563203688e-01
1.147841701601289843e+00	3.528090677935620256e-01	8.269994132970064360e-01
2.212373437177380886e+00	-7.610844045550502202e-02	3.949083203010745891e-01
2.570565057321974489e+00	5.693021036209096053e-01	5.444713397844542779e-01
1.105761973189488989e+00	-1.740585622068126614e+00	-5.848163258950221932e-01
6.434886888840141150e-01	3.199351497125251242e-01	9.674729972689951607e-01
3.356227923517266731e+00	2.459383518380948985e-01	3.550686380606479231e-01
3.939168504743852939e+00	2.426403776646836874e-01	3.053938431239976992e-01
2.150191710980474902e+00	4.139506663858191771e-01	5.767592257044640291e-01
7.695492148083835637e-01	7.058717489054489036e-01	9.765313022824974043e-01
1.161998573425539139e+00	1.219955998723079027e+00	9.571243414095521596e-01
1.717236385351202654e-01	-9.207171194871426323e-01	4.314596292083821560e-01
3.665765345585946466e+00	1.300197640720248238e+00	5.563151628141687066e-01
5.592292232715504463e-01	-6.977270946185499569e-03	9.442306854951102446e-01
2.348414254505589049e+00	-1.691766883462675120e+00	-2.863334435273238165e-01
1.168815360680103499e+00	-1.765796283024083202e+00	-5.751535574449880839e-01
2.261294209811594236e+00	-6.630467252157568048e-01	1.479158953409015487e-01
2.640539514572270541e+00	1.139587908445870212e+00	6.697471045281706559e-01
3.335993034458086370e+00	8.307237389636630276e-01	4.996047214424227945e-01
9.050429598663524144e-01	1.154459858689625751e+00	9.830312968384480321e-01
1.428837317680738683e-01	6.907622576643746015e-02	9.999993659481537511e-01
6.338539572683483669e-01	-2.392040081780377470e-01	8.337369931936609024e-01
3.610072703207609646e+00	-1.410189893174864206e+00	-1.131372588809076707e-01
3.508171302493809041e+00	-6.872289855627538024e-01	8.891952963277303945e-02
2.429911098464202279e+00	-2.639225353044988842e-01	2.939858402295305040e-01
2.442015755691248291e+00	-1.645598281281530850e+00	-2.583793625389391724e-01
2.693643030730395793e+00	-1.117552189155154974e+00	-4.361291325815094821e-02
7.839479866314533751e-01	3.929011762549551867e-01	9.443475194183154064e-01
3.666206589107343650e+00	9.426524569567593659e-01	4.852899633454337835e-01
1.733205047079085181e+00	1.993390045571798330e+00	9.387103477672595897e-01
1.594240260173040102e+00	1.732453325374230690e+00	9.371307849199835838e-01
2.123779050603066487e+00	5.702607981407661342e-01	6.287650289848012441e-01
2.831672704227147230e-01	-3.150077868237119993e-01	9.842799555310144388e-01
7.485051381487096700e-01	5.447094588329308706e-01	9.682638850300260280e-01
2.978331104062845291e+00	1.142606472320927935e+00	6.165364867340953348e-01
4.229148049079933247e-01	-1.526655236306450725e+00	-8.469600431292967357e-01
2.452293226918913938e+00	-3.603804412148470249e-01	2.550670887828622724e-01
1.056861527757151809e+00	1.359209142542468829e+00	9.772423436734996027e-01
1.618252894763708483e+00	-4.646681922678240206e-01	3.192470601707470546e-01
1.225905573405729587e+00	2.874890849087460842e-01	7.818977498221730826e-01
1.487123594213301647e+00	3.510774434487928808e-01	7.204198215563748509e-01
2.904279030218557267e+00	-1.262094987465442575e+00	-9.000023397428284777e-02
1.258774690930382745e+00	-5.510582333908464747e-01	3.422596982748990491e-01
2.308978097157899700e+00	-6.619548450322714217e-01	1.453675236209450161e-01
1.956596568576488782e+00	-1.895213165871740824e+00	-4.280737728989222890e-01
2.688317544914327950e+00	-1.903232944434579021e+00	-3.238877946700714494e-01
3.753635983366555795e+00	1.326788174703093848e+00	5.510415597444192626e-01
2.957031179119976372e+00	-9.077167601087503535e-01	3.119794361626913870e-02
9.382674765039513698e-01	7.231506495526174305e-02	8.153772922808503187e-01
2.216142267390102116e-01	-8.050977056449077907e-01	7.061519648395157001e-01
1.122829772769317946e+00	1.762716980461361604e+00	9.855217558816271595e-01
2.420803929730994231e+00	-9.628129645369050138e-01	1.536023228749345063e-02
3.005606725885763275e-01	-2.813727490442596846e-01	9.833793478761247986e-01
2.035828364084821818e+00	1.490921001938407375e+00	8.406958224645780797e-01
2.427687110775868184e+00	1.367734267167234563e+00	7.510260823357829407e-01
1.403551174186147277e+00	-1.255594328614890731e+00	-1.801187885027684676e-01
3.106557594608705397e+00	1.210573239182841654e+00	6.116684639259394318e-01
5.157331872217100210e-01	-1.672524530484293948e-01	9.238496282819196326e-01
3.930373487696541268e-01	-6.812451165857912050e-02	9.827070288473124249e-01
2.939936149194053439e+00	-1.466080110336224873e+00	-1.572191616472528863e-01
2.032416133204173914e+00	-1.677593944971501383e+00	-3.215665146813583286e-01
2.784769346068170393e+00	9.117572278950607512e-01	5.957318607666246546e-01
1.795826620554610509e+00	-1.415539057880099705e-02	4.997435335536017931e-01
1.060967929632516293e+00	-2.525971895392817856e-01	6.071871254448892863e-01
3.294499038929378898e+00	9.180329146095868031e-01	5.242572200812671834e-01
3.217721927979018570e+00	1.062051595964438988e+00	5.654726390402718961e-01
2.809316236332264349e+00	-1.364367329322585753e+00	-1.289772402726535871e-01
1.161366035196854885e+00	4.409005979105650730e-01	8.456535899211541363e-01
2.401899600789440203e+00	-1.458583670889258110e+00	-1.886388430223585599e-01
1.507798198066104600e+00	1.005500344116182720e+00	8.692701997406708792e-01
4.571700859738732081e-01	6.278206250685580692e-01	9.983858572777674079e-01
3.677522944302747288e+00	1.826458484333832066e+00	6.461010701501624931e-01
6.335926605839494741e-01	-1.724167934574315275e+00	-8.154067568162196578e-01
3.805925679901129399e+00	-1.771781115394982731e+00	-2.000494588107951111e-01
1.839422514536027675e+00	-8.712517012271994155e-01	6.987978939564934433e-02
